0.014054658016491774
0.00715524494657928
0.013150382352133987
0.007670557684336575
0.01071185159445159
0.009034254456404283
0.01117269440950785
0.013150618299355375
0.02695480768019276
0.017949282611787448
0.013533596049027917
0.013271941968446456
0.007896799272344582
0.0049943990454187
0.010698451188828277
0.00753471649074973
0.01450197002629257
0.006852748590554701
0.009442751053307283
0.00554668415248562
0.011498208478384706
0.00888134807980288
0.01350460299559576
0.010826803481550315
0.012029295708904195
0.017547760011474713
0.02607704343913514
0.009229461651304099
0.017888452343138173
0.02646773010278267
0.008550167084558153
0.00603262871457343
0.008829754302787431
0.0075560922789057365
0.007592007750931905
0.010024872035685417
0.007454053015255815
0.004429245550816978
0.006179300697648161
0.011378087258740593
0.013169932484169785
0.02053031128790555
0.009716734082717084
0.007321124968229609
0.009322080527030638
0.013835328278368
0.009847713367683808
0.006591152053426599
0.011351057551720648
0.007990272012266925
0.009876367627437696
0.004361495695695908
0.003060191722617142
0.011498285529127043
0.009312286896757095
0.015896318158645267
0.005920783464613996
0.016480705740458335
0.002895929040938463
0.007711212271656518
0.007432484567514133
0.02723928957718712
0.008172500946392778
0.010469190096170538
0.005091599164898834
0.008894416666442232
0.0052717056216873654
0.008412223525528228
0.00420265661910321
0.006617768017589591
0.006161247894876237
0.0049245764369128175
0.004536669870359324
0.005793453443327543
0.010067027655032272
0.008172500946392778
0.00578121299292945
0.00561416619752254
0.008172500946392778
0.013433214570103186
0.008172500946392778
0.008172500946392778
0.0046425559926980275
0.008172500946392778
0.005307093497227181
0.007962472487057415
0.008172500946392778
0.008172500946392778
0.008172500946392778
0.008172500946392778
0.008172500946392778
0.02310758809785059
0.008172500946392778
0.008172500946392778
0.00681218954949228
0.008172500946392778
0.008172500946392778
0.008172500946392778
0.008172500946392778
0.01934807373767353
